161130056
171830635
171850664
171860642
171870548
181098042
181098066
181098118
181098163
181098253
181098264
181098273
181098356
181098379
181098382
181180023
181250057
181250148
181250155
181820293
181830066
181830183
181830187
181830207
181840040
181840097
181840194
181840322
181840356
181850025
181850030
181850048
181850055
181850070
181850099
181860002
181860004
181860005
181860007
181860012
181860015
181860018
181860024
181860026
181860037
181860038
181860039
181860040
181860041
181860044
181860046
181860048
181860051
181860055
181860058
181860060
181860061
181860064
181860067
181860068
181860073
181860074
181860076
181860077
181860078
181860079
181860080
181860082
181860083
181860085
181860088
181860090
181860092
181860094
181860097
181860098
181860103
181860106
181860107
181860109
181860114
181860116
181860119
181860121
181860122
181860128
181860130
181860131
181860135
181860138
181860141
181860143
181860144
181860145
181860147
181860148
181860149
181870013
181870059
181870136
181870207
181870238
181870243
181870277
181870286
181870290
185220001
